service_id,monday,tuesday,wednesday,thursday,friday,saturday,sunday,start_date,end_date
44801,1,1,1,1,1,0,0,20150513,20150518
44802,1,1,1,1,0,0,0,20150513,20150518
44803,0,1,1,1,1,0,0,20150513,20150518
44804,0,1,1,1,1,0,0,20150513,20150518
44805,0,0,0,0,1,0,0,20150513,20150518
44806,0,0,0,0,0,1,0,20150513,20150518
44807,0,0,0,0,0,1,0,20150513,20150518
44808,0,0,0,0,0,0,1,20150513,20150518
44809,0,0,0,0,0,0,1,20150513,20150518
44810,0,0,1,1,1,1,0,20150513,20150518
44811,0,1,1,1,1,1,0,20150513,20150518
44812,0,1,1,1,1,1,0,20150513,20150518
44813,1,0,0,0,0,0,0,20150513,20150518
44814,1,0,0,0,0,0,0,20150513,20150518
44815,1,0,0,0,0,0,0,20150513,20150518
44816,0,1,0,0,0,0,0,20150513,20150518
44817,0,1,0,0,0,0,0,20150513,20150518
44818,1,0,1,1,1,0,0,20150513,20150518
44819,1,0,1,1,1,0,0,20150513,20150518
44820,0,0,1,0,0,0,0,20150513,20150518
44821,0,0,1,0,0,0,0,20150513,20150518
44822,1,1,0,1,1,0,0,20150513,20150518
44823,1,1,0,1,1,0,0,20150513,20150518
44824,0,0,0,1,0,0,0,20150513,20150518
44825,0,0,0,1,0,0,0,20150513,20150518
44826,1,1,1,0,1,0,0,20150513,20150518
44827,1,1,1,0,1,0,0,20150513,20150518
44828,0,1,1,0,0,0,0,20150513,20150518
44829,0,1,1,0,0,0,0,20150513,20150518
44830,1,0,0,1,1,0,0,20150513,20150518
44831,1,0,0,1,1,0,0,20150513,20150518
44832,1,1,0,0,1,0,0,20150513,20150518
44833,1,1,0,0,1,0,0,20150513,20150518
44834,1,1,1,1,1,0,1,20150513,20150518
44835,1,1,1,1,1,0,1,20150513,20150518
44836,1,1,1,1,1,1,0,20150513,20150518
44837,1,1,1,1,1,1,0,20150513,20150518
44838,1,1,1,1,1,1,0,20150513,20150518
44839,1,1,1,1,1,0,0,20150513,20150518
44840,1,1,1,1,0,0,1,20150513,20150518
44901,1,1,1,1,1,0,0,20150519,20150731
44902,1,1,1,1,0,0,0,20150519,20150731
44903,0,1,1,1,1,0,0,20150519,20150731
44904,0,1,1,1,1,0,0,20150519,20150731
44905,0,0,0,0,1,0,0,20150519,20150731
44906,0,0,0,0,0,1,0,20150519,20150731
44907,0,0,0,0,0,1,0,20150519,20150731
44908,0,0,0,0,0,0,1,20150519,20150731
44909,0,0,0,0,0,0,1,20150519,20150731
44910,0,0,1,1,1,1,0,20150519,20150731
44911,0,1,1,1,1,1,0,20150519,20150731
44912,0,1,1,1,1,1,0,20150519,20150731
44913,1,0,0,0,0,0,0,20150519,20150731
44914,1,0,0,0,0,0,0,20150519,20150731
44915,1,0,0,0,0,0,0,20150519,20150731
44916,0,1,0,0,0,0,0,20150519,20150731
44917,0,1,0,0,0,0,0,20150519,20150731
44918,1,0,1,1,1,0,0,20150519,20150731
44919,1,0,1,1,1,0,0,20150519,20150731
44920,0,0,1,0,0,0,0,20150519,20150731
44921,0,0,1,0,0,0,0,20150519,20150731
44922,1,1,0,1,1,0,0,20150519,20150731
44923,1,1,0,1,1,0,0,20150519,20150731
44924,0,0,0,1,0,0,0,20150519,20150731
44925,0,0,0,1,0,0,0,20150519,20150731
44926,1,1,1,0,1,0,0,20150519,20150731
44927,1,1,1,0,1,0,0,20150519,20150731
44928,0,1,1,0,0,0,0,20150519,20150731
44929,0,1,1,0,0,0,0,20150519,20150731
44930,1,0,0,1,1,0,0,20150519,20150731
44931,1,0,0,1,1,0,0,20150519,20150731
44932,1,1,0,0,1,0,0,20150519,20150731
44933,1,1,0,0,1,0,0,20150519,20150731
44934,1,1,1,1,1,0,1,20150519,20150731
44935,1,1,1,1,1,0,1,20150519,20150731
44936,1,1,1,1,1,1,0,20150519,20150731
44937,1,1,1,1,1,1,0,20150519,20150731
44938,1,1,1,1,1,1,0,20150519,20150731
44939,1,1,1,1,1,0,0,20150519,20150731
44940,1,1,1,1,0,0,1,20150519,20150731
104901,1,1,1,1,1,0,0,20150513,20150731
104902,1,1,1,1,0,0,0,20150513,20150731
104903,0,1,1,1,1,0,0,20150513,20150731
104904,0,1,1,1,1,0,0,20150513,20150731
104905,0,0,0,0,1,0,0,20150513,20150731
104906,0,0,0,0,0,1,0,20150513,20150731
104907,0,0,0,0,0,1,0,20150513,20150731
104908,0,0,0,0,0,0,1,20150513,20150731
104909,0,0,0,0,0,0,1,20150513,20150731
104910,0,0,1,1,1,1,0,20150513,20150731
104911,0,1,1,1,1,1,0,20150513,20150731
104912,0,1,1,1,1,1,0,20150513,20150731
104913,1,0,0,0,0,0,0,20150513,20150731
104914,1,0,0,0,0,0,0,20150513,20150731
104915,1,0,0,0,0,0,0,20150513,20150731
104916,0,1,0,0,0,0,0,20150513,20150731
104917,0,1,0,0,0,0,0,20150513,20150731
104918,1,0,1,1,1,0,0,20150513,20150731
104919,1,0,1,1,1,0,0,20150513,20150731
104920,0,0,1,0,0,0,0,20150513,20150731
104921,0,0,1,0,0,0,0,20150513,20150731
104922,1,1,0,1,1,0,0,20150513,20150731
104923,1,1,0,1,1,0,0,20150513,20150731
104924,0,0,0,1,0,0,0,20150513,20150731
104925,0,0,0,1,0,0,0,20150513,20150731
104926,1,1,1,0,1,0,0,20150513,20150731
104927,1,1,1,0,1,0,0,20150513,20150731
104928,0,1,1,0,0,0,0,20150513,20150731
104929,0,1,1,0,0,0,0,20150513,20150731
104930,1,0,0,1,1,0,0,20150513,20150731
104931,1,0,0,1,1,0,0,20150513,20150731
104932,1,1,0,0,1,0,0,20150513,20150731
104933,1,1,0,0,1,0,0,20150513,20150731
104934,1,1,1,1,1,0,1,20150513,20150731
104935,1,1,1,1,1,0,1,20150513,20150731
104936,1,1,1,1,1,1,0,20150513,20150731
104937,1,1,1,1,1,1,0,20150513,20150731
104938,1,1,1,1,1,1,0,20150513,20150731
104939,1,1,1,1,1,0,0,20150513,20150731
104940,1,1,1,1,0,0,1,20150513,20150731
204901,1,1,1,1,1,0,0,20150513,20150731
